BGR Matrix :
[[[ 20  17  19]
  [ 20  17  19]
  [ 21  18  20]
  ...
  [185 185 185]
  [190 190 190]
  [191 191 191]]

 [[ 20  17  19]
  [ 21  18  20]
  [ 21  18  20]
  ...
  [188 188 188]
  [193 193 193]
  [193 193 193]]

 [[ 21  18  20]
  [ 21  18  20]
  [ 22  19  21]
  ...
  [192 192 192]
  [197 197 197]
  [198 198 198]]

 ...

 [[ 22  22  28]
  [ 22  22  28]
  [ 22  22  28]
  ...
  [210 210 210]
  [216 216 216]
  [222 222 222]]

 [[ 21  21  27]
  [ 22  22  28]
  [ 22  22  28]
  ...
  [209 209 209]
  [213 213 213]
  [218 218 218]]

 [[ 21  21  27]
  [ 21  21  27]
  [ 22  22  28]
  ...
  [207 207 207]
  [209 209 209]
  [212 212 212]]]
Gray Matrix :
[[ 18  18  19 ... 185 190 191]
 [ 18  19  19 ... 188 193 193]
 [ 19  19  20 ... 192 197 198]
 ...
 [ 24  24  24 ... 210 216 222]
 [ 23  24  24 ... 209 213 218]
 [ 23  23  24 ... 207 209 212]]